6.392951
1.291367
4.628197
4.743522
0.007712
6.557025
-3.516308
3.961129
1.099813
10.483182
-5.451021
3.288008
5.532158
7.354987
-1.114018
3.578656
1.246288
3.551221
-1.398340
1.375243
2.666066
6.854582
5.456966
-2.854478
10.284488
3.874484
2.477539
4.154816
-0.124425
5.932364
3.039802
7.947752
1.702080
5.631252
-2.149421
-0.665805
2.689676
-0.520359
-1.217130
4.471290
5.254113
1.433544
2.256576
-0.014358
-3.467364
3.516844
0.256435
7.178827
3.044560
9.786232
2.635058
0.531288
2.130700
5.057260
3.617325
3.073050
-0.618932
5.949001
7.109957
-2.306650
4.269681
-0.646571
1.942270
6.039158
5.908978
0.743089
1.651732
3.731167
-1.259017
7.189228
4.351285
2.859495
3.889417
5.668074
2.111200
5.227319
1.118188
6.782537
3.425746
4.565242
2.176957
-2.742964
9.292667
-0.776267
5.298057
-2.622293
6.040281
0.116615
1.484758
-2.749892
-0.419286
0.409426
7.461222
-4.839265
2.401156
8.151164
7.883274
-0.909304
7.185851
0.036050
-0.172600
-0.976287
4.228819
-2.729872
0.036311
4.145354
1.272975
3.461472
0.071624
4.271744
0.182770
2.611666
0.147080
0.611079
5.418711
4.780240
2.765327
3.292106
4.906808
6.982571
2.637735
-0.374428
1.943632
7.110175
4.033937
7.847138
3.757211
-1.779797
-1.418359
1.240171
-4.690474
5.178352
10.307041
-2.161241
3.541551
0.274690
3.174704
8.134810
3.213417
5.999963
7.238373
4.964893
2.743964
2.716361
9.831310
2.379563
1.278846
3.699277
5.113365
-1.898277
4.656185
-2.010596
6.538332
-1.186329
-0.026998
-1.463727
0.244508
3.204828
-1.675015
4.783312
2.538366
4.192711
-3.626552
3.784228
3.683648
0.412424
-0.141206
11.071050
4.828513
2.242776
0.970460
5.749623
-3.412977
6.255506
4.681820
0.757729
9.613388
1.808844
1.875081
-4.247437
4.519801
-0.523163
2.906389
0.968368
-0.091378
8.404327
7.448833
6.416131
0.679896
-1.254607
7.266221
8.054812
6.677354
-0.607280
4.773356
-0.315591
4.358614
3.315822
5.282745
-1.911067
2.739077
-0.538907
1.244038
4.479014
3.477257
0.366915
-0.390052
1.471043
7.802110
8.944309
5.912674
-1.827853
5.848303
-0.069449
0.519700
-1.106443
5.942501
0.728011
-2.111128
1.560868
6.089362
5.197738
-0.089085
3.769649
0.535151
7.139020
3.896422
1.356169
7.476706
3.314186
1.513692
4.470229
2.266223
12.097510
-0.153102
0.721353
6.431922
2.418023
2.068429
6.644259
2.374156
-4.036742
-0.845110
4.427841
3.986543
0.142035
11.264439
1.855832
5.166309
4.268311
0.368841
0.658640
2.485638
-1.189094
-0.793116
1.229609
1.802545
4.219403
5.177419
3.300276
3.904851
3.826855
2.324761
-4.866919
-1.306081
8.220715
4.798810
-2.590140
-0.257487
3.535116
-0.639253
-2.372927
1.565078
0.233024
2.089079
4.956821
4.461856
-3.005918
5.042149
6.692078
2.342431
-1.795127
5.586646
3.512656
2.810023
-2.612983
8.072738
-4.645017
6.538378
1.207338
-1.511256
-0.229676
7.230459
5.359686
4.949293
4.872380
1.288361
0.237112
4.877052
3.937188
0.331734
2.255225
-2.640684
2.035818
-0.358471
1.664074
-2.028446
6.089186
3.390103
1.439411
1.716334
7.705397
8.911285
0.582728
-0.873713
3.293955
11.235017
5.821303
6.649048
-3.527798
1.327338
4.829112
2.181982
-1.984366
10.818087
4.451777
8.423073
7.291049
0.713262
4.712482
2.140765
-2.898543
5.469210
0.599352
1.360689
5.517891
0.656449
6.227471
2.819324
1.569649
-0.033799
5.407042
3.914347
6.273832
0.023621
-1.101304
-1.848099
4.119014
-0.028126
3.631081
5.700220
4.988204
-2.010704
1.012542
-3.881247
0.215617
-2.221245
0.494786
2.900917
-1.714433
2.620692
1.442445
-2.711128
-2.626188
-0.599443
6.281408
-1.986292
5.302752
2.854581
5.343834
4.553527
5.920426
6.447423
-1.251921
2.906025
6.736551
6.952666
7.864115
4.122834
-6.202880
-0.528583
7.308693
6.096854
4.618490
1.020760
3.129474
-1.651123
4.080783
8.650335
4.582783
-0.583814
-1.275253
3.891616
5.702584
-1.150639
0.683541
3.725896
5.276530
6.287276
-2.114015
2.944623
2.137692
-1.799129
2.543397
5.843839
4.285517
-0.298886
7.967997
6.276294
2.985155
2.868522
3.166975
2.804156
5.062595
1.389876
12.933790
6.851768
3.809072
4.119617
1.847999
5.985065
3.330107
4.895934
7.009820
4.712190
4.868723
-2.693940
4.785421
2.109042
-1.923420
3.601417
3.860827
5.394530
3.775805
-2.334520
8.685890
6.474770
8.472532
2.948748
-1.592841
2.771589
0.894842
9.142025
3.100055
6.959099
2.701754
-1.033107
2.407055
2.551172
0.267494
6.661141
0.973197
9.840726
-0.053143
-1.290349
1.574582
-2.661977
0.597507
3.566575
7.027620
10.004238
-2.333647
2.470226
3.151235
8.463225
6.621022
0.099950
0.075598
3.215273
4.825858
8.411464
1.577083
1.795577
6.519669
3.670280
3.282990
-4.591172
4.065500
-2.784480
2.077624
4.739568
2.331560
-2.151823
1.882752
5.071782
4.945348
3.946462
1.633746
-3.383393
-0.915579
9.520046
8.788257
4.145528
-1.661714
1.276502
-5.266243
3.335755
4.762225
-2.067636
4.182100
0.729995
-1.713455
8.588029
6.351421
8.363811
5.699716
0.140137
2.825632
3.837895
-2.912659
4.318150
7.352247
-1.939149
1.793690
2.289030
7.572352
2.837586
3.630915
-0.300785
0.816988
5.532329
1.437093
3.980712
3.418006
1.843168
-3.662980
5.876658
3.637570
3.187088
3.833978
-0.465962
0.456097
0.736028
0.925824
4.032918
-1.434977
0.914052
1.342612
0.606978
9.870455
3.117939
0.176815
-6.204994
2.207602
0.621736
-3.625791
1.863519
3.525583
3.490945
-2.132247
0.784543
2.248714
5.023620
4.537063
0.614750
2.595609
-1.323236
4.568420
6.736983
-1.155829
5.307960
3.558091
1.994516
1.065567
4.635366
4.928639
6.560063
6.216987
4.660757
1.499988
6.107738
-0.387388
4.286734
0.704224
2.925924
0.412419
1.122565
0.541240
2.945128
0.292567
1.753100
-3.364941
3.594555
-1.665852
11.390735
0.014642
5.346305
11.326790
5.093686
-0.606625
-2.266203
5.199816
2.596662
1.276135
4.463353
1.806353
-2.567201
2.889635
-0.423153
-3.192859
7.285544
6.360647
1.062397
-3.360349
6.832418
-1.063142
-0.141583
4.898522
-1.437721
5.488417
6.250402
3.572328
-1.804596
6.549914
2.822604
6.684326
-0.503576
-0.431218
-0.279181
2.593660
5.581965
3.380845
2.945079
7.108597
-2.356256
-1.858843
1.804697
2.482094
-1.100243
6.120199
7.171282
2.608113
2.279851
-0.354243
-2.342036
2.243783
1.556939
1.921028
7.824329
5.302323
2.933302
2.106274
1.970626
8.162503
4.342873
8.043252
3.049188
3.452178
1.964591
2.881585
-0.293175
-0.734613
5.819296
-0.497174
3.261649
1.322415
-1.211739
7.008221
-2.758884
-5.433455
6.518009
-2.091593
3.445247
-0.980512
0.015847
1.776216
-0.582071
3.857285
3.869000
-2.300851
9.650528
3.727038
1.967328
3.758108
3.616769
0.926423
0.532377
2.563648
0.880550
-2.138577
1.907253
-1.754219
-3.783885
0.329217
-1.222916
2.121004
6.146303
4.855059
2.885298
-2.094657
-3.365107
7.537080
5.874986
7.385097
5.938536
-5.647163
6.860301
3.550476
6.857067
0.605005
1.674094
-0.314565
6.769536
0.937844
2.590468
2.658849
3.485466
3.435216
7.380104
5.577014
3.556054
10.657213
2.789724
12.009080
7.548128
4.466557
0.219274
4.580540
4.961975
4.182725
-1.089578
4.393848
1.394894
0.169221
1.959831
-3.634921
-0.668531
0.260182
3.038166
4.025985
-2.858632
2.633245
-0.160552
0.973031
5.431040
9.443318
4.162298
1.310741
7.634995
6.317669
4.034451
3.944209
7.203580
8.617408
5.033345
5.135812
1.780795
1.088845
-1.326460
0.828656
-0.914363
-4.770815
3.473021
-0.133780
1.157171
5.346396
3.317044
-0.505632
5.135189
4.651996
-1.931547
-3.331574
0.054200
-2.768276
3.047059
0.129562
5.626856
1.972035
5.167365
3.723370
-6.173601
-3.751691
-0.065291
-0.905889
-2.834955
4.111882
1.160739
-0.018602
8.305651
2.038130
2.276163
-2.369954
0.462130
-0.607841
0.369375
5.612670
6.248709
7.171281
4.021568
9.574261
2.033835
6.982829
4.584303
3.625795
1.123061
-1.955083
3.405884
1.574540
6.622709
-1.682068
-4.884663
4.071336
0.241389
9.914259
8.725245
1.354908
2.552915
1.864403
0.357750
-0.355858
8.914418
0.645614
-1.757893
4.972410
-1.639308
0.279224
4.345743
-6.964066
1.989506
1.033460
3.127678
-3.868664
-1.334700
0.812572
1.815327
6.470307
4.845038
6.165347
1.379874
-1.043200
1.909267
-0.689992
2.809128
3.939935
0.905236
3.916543
-3.130734
-0.644184
-5.905117
8.634953
0.707837
2.185178
0.349047
0.594295
7.013807
4.490931
-0.246997
2.251878
-5.641900
-1.083673
3.710905
6.490086
3.525699
-2.322923
6.149572
4.576898
0.732246
-5.720268
1.817053
4.575627
2.512017
1.823594
-0.565447
0.407441
5.093237
-2.342353
7.090948
-0.594018
4.861182
1.136390
4.522146
9.219901
4.054340
2.921295
9.342727
-0.833160
1.783152
4.737877
0.867544
1.541111
5.705842
0.274800
-0.330186
4.570564
3.664608
4.789935
-1.309093
4.140027
3.840379
5.323145
-3.547720
3.787790
1.383786
3.563846
1.596531
1.237563
1.986834
6.412656
10.280795
-4.085374
2.079974
4.190438
0.883194
0.950460
-2.036364
-0.008960
4.965654
3.255418
-2.897867
7.191435
3.679308
-5.718925
2.564385
9.308922
5.760313
7.785829
2.671916
5.878405
-1.473239
5.193847
8.646876
1.522783
4.264470
0.520584
-1.835887
-1.616673
4.185836
-1.387361
-1.226302
1.652190
-1.999343
0.706113
3.665312
0.946672
8.332440
3.226864
3.038099
-3.233526
-2.794304
3.302596
-2.630228
0.893898
8.459335
1.923892
-0.622210
2.219902
5.306187
-2.178633
-0.646661
0.051195
-5.233772
-3.757450
-3.380791
5.077773
6.230267
2.647341
3.078217
2.688434
6.910730
0.870803
3.119574
-4.582523
5.165801
7.185175
6.397427
2.860766
3.145772
-0.567433
3.671747
2.041979
2.820702
0.585245
7.693434
2.820474
5.173413
2.041693
3.757440
0.901748
5.175831
-0.985683
7.155853
2.106720
2.900112
7.621258
4.187185
-3.683592
0.361699
-0.099818
7.615358
5.108469
-1.214109
4.795895
5.800701
5.879757
-2.260746
6.073865
3.780362
4.117690
-2.874547
-1.088910
